00000111111111111000000001111111111111111111110001111111111111111100000000
00000133333333331000000001333333333333333333310001333333333333333100000000
00000133333333331222000001333333333333333333312221333333333333333111100000
11111133333333331111110001333333333333333333312221333333333333333333100000
13333311111111113333310001333331111111111111112221333331111111111333122200
13333312222222213333312221333331222222222222222221333331222222221333111200
14444412222222214444412221444441222222222222222221444441222222221444441222
14444412220000014444412221444441222000000000000001444441222000001444441222
14444412220000014444412221444441222000000000000001444441222000001444441222
14444412220000014444412221444441222000000000000001444441222000001444441222
14444412220000014444412221444441111111000000000001444441222000001444441222
15555512220000015555512221555555555551000000000001555551111111111555111222
15555512220000015555512221555555555551222000000001555555555555555555122222
15555512220000015555512221555555555551222000000001555555555555555555122222
15555512220000015555512221555551111111222000000001555555555555555111122200
15555512220000015555512221555551222222222000000001555551111115555111222200
16666612220000016666612221666661222222222000000001666661222216666661222200
16666612220000016666612221666661222000000000000001666661222216666661122000
16666612220000016666612221666661222000000000000001666661222011116666122000
16666612220000016666612221666661222000000000000001666661222000016666122200
16666612220000016666612221666661222000000000000001666661222000016666111200
17777712220000017777712221777771222000000000000001777771222000011777771200
17777711111111117777712221777771111111111111110001777771222000001777771222
11111177777777771111112221777777777777777777710001777771222000001777771222
00022177777777771222222221777777777777777777712221777771222000001777771222
00022177777777771222000001777777777777777777712221777771222000001777771222
00000111111111111222000001111111111111111111112221111111222000001111111222
00000000222222222222000000002222222222222222222220002222222000000002222222
00000000222222222222000000002222222222222222222220002222222000000002222222

