1111111111111111100000000000001111111111110000000011111110000000011111110000000011111111111111111000111111111111111111111000
1333333333333333100000000000001333333333310000000013333310000000013333312220000013333333333333331000133333333333333333331000
1333333333333333111100000000001333333333312220000013333312220000013333312220000013333333333333331222133333333333333333331222
1333333333333333333100000111111333333333311111100013333312220000013333312221111113333333333333331222133333333333333333331222
1333331111111111333122200133333111111111133333100013333312220000013333312221333331111111111111111222133333111111111111111222
1333331222222221333111200133333122222222133333122213333312220000013333312221333331222222222222222222133333122222222222222222
1444441222222221444441222144444122222222144444122214444412220000014444412221444441222222222222222222144444122222222222222222
1444441222000001444441222144444122222222144444122214444412220000014444412221444441222222222222222222144444122200000000000000
1444441222000001444441222144444122222222144444122214444412220000014444412221444441222222222222222222144444122200000000000000
1444441222000001444441222144444122222222144444122214444412220000014444412221444441222222222222222222144444122200000000000000
1444441222000001444441222144444122222222144444122214444412220000014444412221444441222222222222222222144444111111100000000000
1555551111111111555111222155555111111111155555122215555512220000015555512221555551111111111100000000155555555555100000000000
1555555555555555555122222155555555555555555555122215555512220000015555512221111115555555555100000000155555555555122200000000
1555555555555555555122222155555555555555555555122215555512220000015555512220002215555555555122200000155555555555122200000000
1555555555555555111122200155555555555555555555122215555512220000015555512220002215555555555111111000155555111111122200000000
1555551111111111111222200155555111111111155555122215555512220000015555512220000011111111111555551000155555122222222200000000
1666661222000000000000000166666122200000166666122216666612220000016666612220000000022222221666661222166666122222222200000000
1666661222000000000000000166666122200000166666122216666612220000016666612220000000022222221666661222166666122200000000000000
1666661222000000000000000166666122200000166666122216666612220000016666612220000000022222221666661222166666122200000000000000
1666661222000000000000000166666122200000166666122216666612220000016666612220000000022222221666661222166666122200000000000000
1666661222000000000000000166666122200000166666122216666612220000016666612220000000022222221666661222166666122200000000000000
1777771222000000000000000177777122200000177777122217777712220000017777712220000000000000001777771222177777122200000000000000
1777771222000000000000000177777122200000177777122217777712220000017777712220000000000000001777771222177777111111111111111000
1777771222000000000000000177777122200000177777122211111177777777771111112221777777777777777111111222177777777777777777771000
1777771222000000000000000177777122200000177777122200022177777777771222000001777777777777777122222222177777777777777777771222
1777771222000000000000000177777122200000177777122200022177777777771222000001777777777777777122222222177777777777777777771222
1111111222000000000000000111111122200000111111122200000111111111111222000001111111111111111122200000111111111111111111111222
0002222222000000000000000000222222200000000222222200000000222222222222000000002222222222222222200000000222222222222222222222
0002222222000000000000000000222222200000000222222200000000222222222222000000002222222222222222200000000222222222222222222222